time,BLL,IL,AL,A,BL,B,DLL,D,ILL,DL,I,ALL
0,0,0,0,0,0,1.66058e-05,0,0,0,0,0,0
1,1.44897e-28,2.19104e-21,1.71126e-18,8.68276e-07,9.83075e-17,1.57375e-05,2.50173e-33,1.44833e-19,5.10533e-28,4.53618e-23,8.64234e-16,1.79848e-29
2,1.40628e-28,6.45317e-21,2.78162e-18,1.68207e-06,9.70378e-17,1.49237e-05,5.05439e-33,1.14e-18,5.10531e-28,2.53009e-22,3.38324e-15,2.19084e-29
3,1.36488e-28,1.24658e-20,3.74576e-18,2.44481e-06,9.57845e-17,1.4161e-05,7.60704e-33,3.78628e-18,5.10528e-28,7.17467e-22,7.45171e-15,2.56372e-29
4,1.32474e-28,1.99443e-20,4.61285e-18,3.15968e-06,9.45473e-17,1.34461e-05,1.01597e-32,8.83347e-18,5.10525e-28,1.51781e-21,1.29709e-14,2.91783e-29
5,1.2858e-28,2.86353e-20,5.39132e-18,3.8297e-06,9.33261e-17,1.27761e-05,1.27123e-32,1.69835e-17,5.10523e-28,2.71941e-21,1.98483e-14,3.25387e-29
6,1.24803e-28,3.83139e-20,6.08886e-18,4.45769e-06,9.21208e-17,1.21481e-05,1.52649e-32,2.88937e-17,5.1052e-28,4.37543e-21,2.79973e-14,3.57253e-29
7,1.2114e-28,4.87806e-20,6.71251e-18,5.04626e-06,9.09309e-17,1.15595e-05,1.78175e-32,4.51792e-17,5.10518e-28,6.52826e-21,3.73365e-14,3.87444e-29
8,1.17588e-28,5.98592e-20,7.26872e-18,5.59791e-06,8.97565e-17,1.10079e-05,2.03701e-32,6.64159e-17,5.10515e-28,9.21075e-21,4.77897e-14,4.16026e-29
9,1.14142e-28,7.13941e-20,7.76338e-18,6.11495e-06,8.85972e-17,1.04908e-05,2.29226e-32,9.31427e-17,5.10512e-28,1.24474e-20,5.92857e-14,4.43058e-29
10,1.108e-28,8.32487e-20,8.20188e-18,6.59954e-06,8.74529e-17,1.00062e-05,2.54752e-32,1.25864e-16,5.1051e-28,1.62551e-20,7.17574e-14,4.68599e-29
11,1.07559e-28,9.5303e-20,8.58917e-18,7.05373e-06,8.63233e-17,9.55205e-06,2.80277e-32,1.65052e-16,5.10507e-28,2.06447e-20,8.51422e-14,4.92706e-29
12,1.04415e-28,1.07452e-19,8.92975e-18,7.47942e-06,8.52084e-17,9.12636e-06,3.05802e-32,2.11149e-16,5.10505e-28,2.56211e-20,9.93813e-14,5.15435e-29
13,1.01365e-28,1.19606e-19,9.22776e-18,7.87839e-06,8.41078e-17,8.72738e-06,3.31328e-32,2.64567e-16,5.10502e-28,3.11843e-20,1.1442e-13,5.36838e-29
14,9.84069e-29,1.31685e-19,9.48698e-18,8.25234e-06,8.30215e-17,8.35344e-06,3.56853e-32,3.25693e-16,5.10499e-28,3.73302e-20,1.30205e-13,5.56967e-29
15,9.55377e-29,1.43621e-19,9.71087e-18,8.60282e-06,8.19492e-17,8.00296e-06,3.82377e-32,3.94889e-16,5.10497e-28,4.40509e-20,1.46691e-13,5.75871e-29
16,9.27544e-29,1.55356e-19,9.90258e-18,8.93131e-06,8.08908e-17,7.67447e-06,4.07902e-32,4.72493e-16,5.10494e-28,5.13357e-20,1.6383e-13,5.93598e-29
17,9.00546e-29,1.66841e-19,1.0065e-17,9.23919e-06,7.9846e-17,7.36659e-06,4.33427e-32,5.58821e-16,5.10492e-28,5.91709e-20,1.8158e-13,6.10194e-29
18,8.74357e-29,1.78035e-19,1.02008e-17,9.52776e-06,7.88147e-17,7.07802e-06,4.58951e-32,6.54169e-16,5.10489e-28,6.75409e-20,1.99902e-13,6.25703e-29
19,8.48953e-29,1.88904e-19,1.03124e-17,9.79821e-06,7.77967e-17,6.80757e-06,4.84476e-32,7.58812e-16,5.10486e-28,7.6428e-20,2.18758e-13,6.4017e-29
20,8.24309e-29,1.99418e-19,1.0402e-17,1.00517e-05,7.67919e-17,6.55408e-06,5.1e-32,8.7301e-16,5.10484e-28,8.58133e-20,2.38113e-13,6.53635e-29
21,8.00402e-29,2.09555e-19,1.04716e-17,1.02893e-05,7.58001e-17,6.3165e-06,5.35524e-32,9.97003e-16,5.10481e-28,9.56764e-20,2.57935e-13,6.66138e-29
22,7.7721e-29,2.19298e-19,1.0523e-17,1.0512e-05,7.4821e-17,6.09383e-06,5.61048e-32,1.13102e-15,5.10479e-28,1.05996e-19,2.78192e-13,6.77718e-29
23,7.54711e-29,2.28633e-19,1.05581e-17,1.07207e-05,7.38546e-17,5.88512e-06,5.86572e-32,1.27526e-15,5.10476e-28,1.16751e-19,2.98856e-13,6.88413e-29
24,7.32884e-29,2.3755e-19,1.05782e-17,1.09163e-05,7.29007e-17,5.68952e-06,6.12095e-32,1.42994e-15,5.10473e-28,1.27918e-19,3.199e-13,6.98258e-29
25,7.11709e-29,2.46043e-19,1.05848e-17,1.10996e-05,7.19592e-17,5.50618e-06,6.37619e-32,1.59522e-15,5.10471e-28,1.39475e-19,3.41299e-13,7.07288e-29
26,6.91165e-29,2.54109e-19,1.05793e-17,1.12714e-05,7.10297e-17,5.33435e-06,6.63142e-32,1.77129e-15,5.10468e-28,1.51399e-19,3.63028e-13,7.15538e-29
27,6.71234e-29,2.61746e-19,1.05628e-17,1.14325e-05,7.01123e-17,5.1733e-06,6.88665e-32,1.9583e-15,5.10466e-28,1.63667e-19,3.85067e-13,7.23039e-29
28,6.51897e-29,2.68956e-19,1.05363e-17,1.15834e-05,6.92068e-17,5.02236e-06,7.14188e-32,2.15641e-15,5.10463e-28,1.76257e-19,4.07393e-13,7.29823e-29
29,6.33136e-29,2.75743e-19,1.05009e-17,1.17249e-05,6.83129e-17,4.88088e-06,7.39711e-32,2.36574e-15,5.1046e-28,1.89145e-19,4.29987e-13,7.35919e-29
30,6.14933e-29,2.82111e-19,1.04574e-17,1.18575e-05,6.74306e-17,4.74829e-06,7.65234e-32,2.58644e-15,5.10458e-28,2.0231e-19,4.52831e-13,7.41358e-29
31,5.97272e-29,2.88066e-19,1.04068e-17,1.19818e-05,6.65596e-17,4.62401e-06,7.90757e-32,2.81861e-15,5.10455e-28,2.1573e-19,4.75908e-13,7.46166e-29
32,5.80136e-29,2.93617e-19,1.03496e-17,1.20982e-05,6.57e-17,4.50753e-06,8.1628e-32,3.06238e-15,5.10453e-28,2.29384e-19,4.99202e-13,7.50371e-29
33,5.63509e-29,2.98771e-19,1.02867e-17,1.22074e-05,6.48514e-17,4.39836e-06,8.41802e-32,3.31785e-15,5.1045e-28,2.4325e-19,5.22698e-13,7.54e-29
34,5.47376e-29,3.03539e-19,1.02186e-17,1.23097e-05,6.40138e-17,4.29604e-06,8.67324e-32,3.58511e-15,5.10447e-28,2.57309e-19,5.46381e-13,7.57077e-29
35,5.31722e-29,3.0793e-19,1.0146e-17,1.24056e-05,6.3187e-17,4.20014e-06,8.92847e-32,3.86426e-15,5.10445e-28,2.71539e-19,5.70239e-13,7.59627e-29
36,5.16532e-29,3.11955e-19,1.00692e-17,1.24955e-05,6.23708e-17,4.11026e-06,9.18369e-32,4.15538e-15,5.10442e-28,2.85923e-19,5.94259e-13,7.61673e-29
37,5.01792e-29,3.15625e-19,9.98889e-18,1.25798e-05,6.15653e-17,4.02601e-06,9.43891e-32,4.45855e-15,5.1044e-28,3.00441e-19,6.18429e-13,7.63237e-29
38,4.87488e-29,3.18951e-19,9.90541e-18,1.26587e-05,6.07701e-17,3.94706e-06,9.69412e-32,4.77383e-15,5.10437e-28,3.15076e-19,6.42738e-13,7.64342e-29
39,4.73608e-29,3.21946e-19,9.81917e-18,1.27327e-05,5.99852e-17,3.87305e-06,9.94934e-32,5.10131e-15,5.10434e-28,3.2981e-19,6.67177e-13,7.65009e-29
40,4.60139e-29,3.2462e-19,9.73053e-18,1.28021e-05,5.92104e-17,3.80369e-06,1.02046e-31,5.44103e-15,5.10432e-28,3.44627e-19,6.91736e-13,7.65256e-29
41,4.47067e-29,3.26986e-19,9.63981e-18,1.28671e-05,5.84457e-17,3.73869e-06,1.04598e-31,5.79306e-15,5.10429e-28,3.5951e-19,7.16406e-13,7.65105e-29
42,4.34382e-29,3.29055e-19,9.54732e-18,1.2928e-05,5.76908e-17,3.67776e-06,1.0715e-31,6.15746e-15,5.10427e-28,3.74444e-19,7.41177e-13,7.64574e-29
43,4.22071e-29,3.30839e-19,9.45332e-18,1.29851e-05,5.69457e-17,3.62065e-06,1.09702e-31,6.53426e-15,5.10424e-28,3.89415e-19,7.66044e-13,7.63681e-29
44,4.10123e-29,3.3235e-19,9.35807e-18,1.30386e-05,5.62102e-17,3.56713e-06,1.12254e-31,6.92352e-15,5.10421e-28,4.04408e-19,7.90997e-13,7.62443e-29
45,3.98527e-29,3.336e-19,9.26179e-18,1.30888e-05,5.54841e-17,3.51696e-06,1.14806e-31,7.32527e-15,5.10419e-28,4.1941e-19,8.16031e-13,7.60877e-29
46,3.87273e-29,3.346e-19,9.16468e-18,1.31358e-05,5.47675e-17,3.46995e-06,1.17358e-31,7.73956e-15,5.10416e-28,4.34409e-19,8.41139e-13,7.59e-29
47,3.7635e-29,3.35361e-19,9.06693e-18,1.31799e-05,5.40601e-17,3.42588e-06,1.1991e-31,8.16642e-15,5.10414e-28,4.49391e-19,8.66314e-13,7.56826e-29
48,3.65748e-29,3.35893e-19,8.9687e-18,1.32212e-05,5.33619e-17,3.38458e-06,1.22462e-31,8.60589e-15,5.10411e-28,4.64346e-19,8.91551e-13,7.54371e-29
49,3.55458e-29,3.36209e-19,8.87016e-18,1.32599e-05,5.26727e-17,3.34587e-06,1.25014e-31,9.05799e-15,5.10408e-28,4.79262e-19,9.16845e-13,7.51649e-29
50,3.4547e-29,3.36318e-19,8.77143e-18,1.32962e-05,5.19924e-17,3.30959e-06,1.27566e-31,9.52274e-15,5.10406e-28,4.94129e-19,9.42191e-13,7.48674e-29
51,3.35775e-29,3.3623e-19,8.67264e-18,1.33302e-05,5.13208e-17,3.27558e-06,1.30118e-31,1.00002e-14,5.10403e-28,5.08938e-19,9.67584e-13,7.4546e-29
52,3.26364e-29,3.35956e-19,8.57391e-18,1.33621e-05,5.0658e-17,3.24371e-06,1.3267e-31,1.04903e-14,5.10401e-28,5.23678e-19,9.93019e-13,7.42019e-29
53,3.17229e-29,3.35504e-19,8.47534e-18,1.33919e-05,5.00037e-17,3.21384e-06,1.35222e-31,1.09932e-14,5.10398e-28,5.38341e-19,1.01849e-12,7.38364e-29
54,3.08361e-29,3.34885e-19,8.37702e-18,1.34199e-05,4.93578e-17,3.18584e-06,1.37774e-31,1.15088e-14,5.10395e-28,5.52919e-19,1.044e-12,7.34506e-29
55,2.99753e-29,3.34107e-19,8.27903e-18,1.34462e-05,4.87203e-17,3.1596e-06,1.40326e-31,1.20372e-14,5.10393e-28,5.67404e-19,1.06954e-12,7.30457e-29
56,2.91396e-29,3.3318e-19,8.18145e-18,1.34708e-05,4.80911e-17,3.13501e-06,1.42878e-31,1.25784e-14,5.1039e-28,5.81788e-19,1.09511e-12,7.26228e-29
57,2.83284e-29,3.3211e-19,8.08434e-18,1.34938e-05,4.74699e-17,3.11195e-06,1.4543e-31,1.31323e-14,5.10388e-28,5.96065e-19,1.1207e-12,7.2183e-29
58,2.75407e-29,3.30908e-19,7.98777e-18,1.35154e-05,4.68568e-17,3.09035e-06,1.47982e-31,1.36991e-14,5.10385e-28,6.10228e-19,1.14632e-12,7.17273e-29
59,2.67761e-29,3.29579e-19,7.89179e-18,1.35357e-05,4.62516e-17,3.0701e-06,1.50534e-31,1.42787e-14,5.10382e-28,6.24272e-19,1.17195e-12,7.12566e-29
60,2.60337e-29,3.28133e-19,7.79644e-18,1.35547e-05,4.56542e-17,3.05112e-06,1.53086e-31,1.4871e-14,5.1038e-28,6.3819e-19,1.1976e-12,7.07718e-29
61,2.53129e-29,3.26576e-19,7.70178e-18,1.35724e-05,4.50646e-17,3.03333e-06,1.55638e-31,1.54763e-14,5.10377e-28,6.51978e-19,1.22326e-12,7.0274e-29
62,2.46131e-29,3.24915e-19,7.60783e-18,1.35891e-05,4.44825e-17,3.01666e-06,1.5819e-31,1.60943e-14,5.10375e-28,6.65631e-19,1.24893e-12,6.97639e-29
63,2.39336e-29,3.23156e-19,7.51463e-18,1.36047e-05,4.3908e-17,3.00104e-06,1.60741e-31,1.67252e-14,5.10372e-28,6.79143e-19,1.27462e-12,6.92424e-29
64,2.32738e-29,3.21307e-19,7.42221e-18,1.36194e-05,4.33409e-17,2.98639e-06,1.63293e-31,1.73689e-14,5.10369e-28,6.92512e-19,1.30031e-12,6.87103e-29
65,2.26332e-29,3.19373e-19,7.33059e-18,1.36331e-05,4.27811e-17,2.97267e-06,1.65845e-31,1.80255e-14,5.10367e-28,7.05733e-19,1.326e-12,6.81684e-29
66,2.20111e-29,3.1736e-19,7.2398e-18,1.3646e-05,4.22285e-17,2.9598e-06,1.68397e-31,1.86949e-14,5.10364e-28,7.18802e-19,1.3517e-12,6.76173e-29
67,2.1407e-29,3.15274e-19,7.14986e-18,1.3658e-05,4.16831e-17,2.94774e-06,1.70949e-31,1.93772e-14,5.10362e-28,7.31717e-19,1.3774e-12,6.70578e-29
68,2.08204e-29,3.1312e-19,7.06078e-18,1.36693e-05,4.11447e-17,2.93644e-06,1.735e-31,2.00723e-14,5.10359e-28,7.44475e-19,1.40311e-12,6.64906e-29
69,2.02507e-29,3.10903e-19,6.97258e-18,1.36799e-05,4.06133e-17,2.92585e-06,1.76052e-31,2.07803e-14,5.10356e-28,7.57072e-19,1.42881e-12,6.59163e-29
70,1.96974e-29,3.08628e-19,6.88527e-18,1.36899e-05,4.00887e-17,2.91592e-06,1.78604e-31,2.15011e-14,5.10354e-28,7.69508e-19,1.45451e-12,6.53356e-29
71,1.91602e-29,3.063e-19,6.79886e-18,1.36992e-05,3.9571e-17,2.90662e-06,1.81156e-31,2.22348e-14,5.10351e-28,7.81779e-19,1.4802e-12,6.4749e-29
72,1.86383e-29,3.03922e-19,6.71335e-18,1.37079e-05,3.90599e-17,2.8979e-06,1.83707e-31,2.29813e-14,5.10349e-28,7.93883e-19,1.5059e-12,6.41571e-29
73,1.81315e-29,3.01501e-19,6.62875e-18,1.37161e-05,3.85554e-17,2.88972e-06,1.86259e-31,2.37407e-14,5.10346e-28,8.05819e-19,1.53158e-12,6.35605e-29
74,1.76393e-29,2.99038e-19,6.54507e-18,1.37237e-05,3.80574e-17,2.88206e-06,1.88811e-31,2.45129e-14,5.10343e-28,8.17586e-19,1.55726e-12,6.29596e-29
75,1.71612e-29,2.96539e-19,6.46231e-18,1.37309e-05,3.75658e-17,2.87488e-06,1.91363e-31,2.5298e-14,5.10341e-28,8.29182e-19,1.58293e-12,6.2355e-29
76,1.66968e-29,2.94007e-19,6.38048e-18,1.37376e-05,3.70806e-17,2.86815e-06,1.93914e-31,2.60959e-14,5.10338e-28,8.40606e-19,1.60859e-12,6.17472e-29
77,1.62457e-29,2.91444e-19,6.29956e-18,1.37439e-05,3.66017e-17,2.86185e-06,1.96466e-31,2.69066e-14,5.10336e-28,8.51857e-19,1.63424e-12,6.11366e-29
78,1.58075e-29,2.88856e-19,6.21956e-18,1.37498e-05,3.6129e-17,2.85593e-06,1.99018e-31,2.77301e-14,5.10333e-28,8.62935e-19,1.65989e-12,6.05237e-29
79,1.53818e-29,2.86244e-19,6.14048e-18,1.37554e-05,3.56623e-17,2.85039e-06,2.01569e-31,2.85665e-14,5.10331e-28,8.73839e-19,1.68552e-12,5.99089e-29
80,1.49683e-29,2.83612e-19,6.06232e-18,1.37606e-05,3.52017e-17,2.8452e-06,2.04121e-31,2.94156e-14,5.10328e-28,8.84569e-19,1.71114e-12,5.92925e-29
81,1.45666e-29,2.80962e-19,5.98508e-18,1.37654e-05,3.4747e-17,2.84033e-06,2.06672e-31,3.02776e-14,5.10325e-28,8.95124e-19,1.73674e-12,5.8675e-29
82,1.41764e-29,2.78297e-19,5.90874e-18,1.377e-05,3.42983e-17,2.83577e-06,2.09224e-31,3.11524e-14,5.10323e-28,9.05504e-19,1.76234e-12,5.80568e-29
83,1.37972e-29,2.7562e-19,5.83331e-18,1.37743e-05,3.38553e-17,2.8315e-06,2.11776e-31,3.20399e-14,5.1032e-28,9.1571e-19,1.78791e-12,5.74381e-29
84,1.34288e-29,2.72933e-19,5.75878e-18,1.37783e-05,3.3418e-17,2.82749e-06,2.14327e-31,3.29403e-14,5.10318e-28,9.25741e-19,1.81348e-12,5.68193e-29
85,1.30709e-29,2.70238e-19,5.68515e-18,1.3782e-05,3.29864e-17,2.82373e-06,2.16879e-31,3.38534e-14,5.10315e-28,9.35597e-19,1.83903e-12,5.62008e-29
86,1.27232e-29,2.67537e-19,5.6124e-18,1.37856e-05,3.25603e-17,2.82021e-06,2.1943e-31,3.47793e-14,5.10312e-28,9.4528e-19,1.86457e-12,5.55828e-29
87,1.23852e-29,2.64833e-19,5.54054e-18,1.37889e-05,3.21398e-17,2.81691e-06,2.21982e-31,3.5718e-14,5.1031e-28,9.54789e-19,1.89009e-12,5.49656e-29
88,1.20569e-29,2.62127e-19,5.46955e-18,1.3792e-05,3.17247e-17,2.81382e-06,2.24533e-31,3.66694e-14,5.10307e-28,9.64125e-19,1.91559e-12,5.43495e-29
89,1.17378e-29,2.59421e-19,5.39944e-18,1.37949e-05,3.13149e-17,2.81092e-06,2.27085e-31,3.76335e-14,5.10305e-28,9.73289e-19,1.94108e-12,5.37348e-29
90,1.14278e-29,2.56716e-19,5.33018e-18,1.37976e-05,3.09104e-17,2.80821e-06,2.29636e-31,3.86105e-14,5.10302e-28,9.82281e-19,1.96655e-12,5.31216e-29
91,1.11264e-29,2.54015e-19,5.26178e-18,1.38001e-05,3.05112e-17,2.80566e-06,2.32188e-31,3.96001e-14,5.10299e-28,9.91102e-19,1.992e-12,5.25103e-29
92,1.08336e-29,2.51318e-19,5.19423e-18,1.38025e-05,3.01171e-17,2.80327e-06,2.34739e-31,4.06025e-14,5.10297e-28,9.99754e-19,2.01744e-12,5.19011e-29
93,1.0549e-29,2.48628e-19,5.12751e-18,1.38047e-05,2.97281e-17,2.80104e-06,2.37291e-31,4.16175e-14,5.10294e-28,1.00824e-18,2.04286e-12,5.12941e-29
94,1.02724e-29,2.45945e-19,5.06163e-18,1.38068e-05,2.93442e-17,2.79894e-06,2.39842e-31,4.26453e-14,5.10292e-28,1.01655e-18,2.06826e-12,5.06896e-29
95,1.00036e-29,2.43271e-19,4.99657e-18,1.38088e-05,2.89652e-17,2.79698e-06,2.42394e-31,4.36858e-14,5.10289e-28,1.0247e-18,2.09364e-12,5.00878e-29
96,9.74223e-30,2.40606e-19,4.93232e-18,1.38106e-05,2.8591e-17,2.79513e-06,2.44945e-31,4.47389e-14,5.10286e-28,1.03268e-18,2.11901e-12,4.94888e-29
97,9.48823e-30,2.37952e-19,4.86889e-18,1.38124e-05,2.82218e-17,2.79341e-06,2.47496e-31,4.58048e-14,5.10284e-28,1.0405e-18,2.14435e-12,4.88929e-29
98,9.24132e-30,2.35311e-19,4.80624e-18,1.3814e-05,2.78573e-17,2.79179e-06,2.50048e-31,4.68833e-14,5.10281e-28,1.04815e-18,2.16968e-12,4.83001e-29
99,9.0013e-30,2.32682e-19,4.74439e-18,1.38155e-05,2.74974e-17,2.79028e-06,2.52599e-31,4.79745e-14,5.10279e-28,1.05564e-18,2.19499e-12,4.77106e-29
100,8.76797e-30,2.30066e-19,4.68332e-18,1.38169e-05,2.71423e-17,2.78885e-06,2.5515e-31,4.90783e-14,5.10276e-28,1.06298e-18,2.22028e-12,4.71246e-29
