time,BLL,IL,AL,A,BL,B,DLL,D,ILL,DL,I,ALL
0,0,0,0,0,0,1.66058e-05,0,0,0,0,0,0
1,3.2888e-33,1.23204e-31,1.22701e-23,8.96228e-14,9.18565e-21,1.66058e-05,1.65176e-50,1.45122e-32,9.92225e-46,2.0404e-41,8.72088e-23,9.91093e-40
2,3.2366e-33,4.73673e-31,2.32432e-23,1.79149e-13,8.46916e-21,1.66058e-05,1.27856e-49,1.12018e-31,3.92996e-45,1.51772e-40,3.44677e-22,1.95953e-39
3,3.18523e-33,1.01984e-30,3.30397e-23,2.68578e-13,7.8088e-21,1.66058e-05,4.34874e-49,3.80744e-31,8.74977e-45,5.11073e-40,7.65606e-22,2.90573e-39
4,3.13467e-33,1.73609e-30,4.17587e-23,3.57911e-13,7.20024e-21,1.66058e-05,1.03e-48,9.00528e-31,1.53924e-44,1.18599e-39,1.34383e-21,3.83009e-39
5,3.08491e-33,2.60031e-30,4.9487e-23,4.47148e-13,6.63965e-21,1.66058e-05,2.00035e-48,1.74599e-30,2.38015e-44,2.24699e-39,2.07359e-21,4.73301e-39
6,3.03594e-33,3.58956e-30,5.63147e-23,5.36288e-13,6.12309e-21,1.66058e-05,3.43414e-48,2.99284e-30,3.39197e-44,3.76885e-39,2.94903e-21,5.61488e-39
7,2.98776e-33,4.68396e-30,6.23211e-23,6.25332e-13,5.64707e-21,1.66058e-05,5.41465e-48,4.71196e-30,4.5692e-44,5.81166e-39,3.96465e-21,6.47606e-39
8,2.94033e-33,5.86366e-30,6.75855e-23,7.14279e-13,5.20809e-21,1.66058e-05,8.0257e-48,6.9747e-30,5.90631e-44,8.43479e-39,5.11493e-21,7.31696e-39
9,2.89366e-33,7.11556e-30,7.21651e-23,8.03131e-13,4.80361e-21,1.66058e-05,1.13432e-47,9.84431e-30,7.39811e-44,1.16634e-38,6.39495e-21,8.13791e-39
10,2.84773e-33,8.42558e-30,7.61187e-23,8.91887e-13,4.43101e-21,1.66058e-05,1.5437e-47,1.33796e-29,9.0397e-44,1.55322e-38,7.80011e-21,8.93928e-39
11,2.80254e-33,9.78925e-30,7.94603e-23,9.80547e-13,4.08969e-21,1.66058e-05,2.02967e-47,1.75767e-29,1.08298e-43,2.00739e-38,9.33054e-21,9.72121e-39
12,2.75807e-33,1.1195e-29,8.22368e-23,1.06911e-12,3.77756e-21,1.66058e-05,2.59697e-47,2.24768e-29,1.27647e-43,2.5324e-38,1.0983e-20,1.0484e-38
13,2.71432e-33,1.26284e-29,8.45073e-23,1.15758e-12,3.492e-21,1.66058e-05,3.25244e-47,2.81379e-29,1.48394e-43,3.13196e-38,1.27528e-20,1.12279e-38
14,2.67127e-33,1.40755e-29,8.6331e-23,1.24595e-12,3.23038e-21,1.66058e-05,4.00292e-47,3.46181e-29,1.70491e-43,3.80973e-38,1.46357e-20,1.19534e-38
15,2.62891e-33,1.55217e-29,8.77673e-23,1.33423e-12,2.99009e-21,1.66058e-05,4.85528e-47,4.19754e-29,1.93889e-43,4.56941e-38,1.66269e-20,1.26608e-38
16,2.58724e-33,1.6953e-29,8.88752e-23,1.42241e-12,2.76849e-21,1.66058e-05,5.81636e-47,5.02679e-29,2.18541e-43,5.41468e-38,1.8722e-20,1.33504e-38
17,2.54623e-33,1.83551e-29,8.9714e-23,1.5105e-12,2.56296e-21,1.66058e-05,6.89301e-47,5.95536e-29,2.44398e-43,6.34921e-38,2.09164e-20,1.40226e-38
18,2.50589e-33,1.97136e-29,9.03428e-23,1.59849e-12,2.37087e-21,1.66058e-05,8.09208e-47,6.98906e-29,2.71411e-43,7.3767e-38,2.32057e-20,1.46776e-38
19,2.46619e-33,2.10144e-29,9.08209e-23,1.68639e-12,2.18961e-21,1.66058e-05,9.42042e-47,8.13368e-29,2.99533e-43,8.50083e-38,2.55852e-20,1.5316e-38
20,2.42712e-33,2.22432e-29,9.12075e-23,1.77419e-12,2.01654e-21,1.66058e-05,1.08849e-46,9.39505e-29,3.28713e-43,9.72528e-38,2.80505e-20,1.59379e-38
21,2.38868e-33,2.33857e-29,9.15617e-23,1.8619e-12,1.84904e-21,1.66058e-05,1.24923e-46,1.0779e-28,3.58906e-43,1.10537e-37,3.0597e-20,1.65437e-38
22,2.35086e-33,2.44277e-29,9.19428e-23,1.94951e-12,1.68448e-21,1.66058e-05,1.42496e-46,1.22912e-28,3.90061e-43,1.24899e-37,3.32202e-20,1.71338e-38
23,2.31363e-33,2.53549e-29,9.241e-23,2.03703e-12,1.52024e-21,1.66058e-05,1.61635e-46,1.39376e-28,4.2213e-43,1.40374e-37,3.59155e-20,1.77086e-38
24,2.277e-33,2.6153e-29,9.30224e-23,2.12446e-12,1.3537e-21,1.66058e-05,1.82409e-46,1.5724e-28,4.55066e-43,1.57e-37,3.86785e-20,1.82683e-38
25,2.24095e-33,2.68079e-29,9.38392e-23,2.21179e-12,1.18222e-21,1.66058e-05,2.04888e-46,1.76561e-28,4.88819e-43,1.74813e-37,4.15046e-20,1.88133e-38
26,2.20546e-33,2.73052e-29,9.49197e-23,2.29902e-12,1.00319e-21,1.66058e-05,2.29138e-46,1.97398e-28,5.23341e-43,1.9385e-37,4.43892e-20,1.9344e-38
27,2.17053e-33,2.76307e-29,9.63231e-23,2.38616e-12,8.13978e-22,1.66058e-05,2.55229e-46,2.19808e-28,5.58584e-43,2.14149e-37,4.73279e-20,1.98607e-38
28,2.13614e-33,2.77701e-29,9.81085e-23,2.47321e-12,6.11959e-22,1.66058e-05,2.83229e-46,2.43851e-28,5.945e-43,2.35745e-37,5.03161e-20,2.03637e-38
29,2.10229e-33,2.77093e-29,1.00335e-22,2.56016e-12,3.94508e-22,1.66058e-05,3.13207e-46,2.69583e-28,6.31039e-43,2.58676e-37,5.33493e-20,2.08533e-38
30,2.06896e-33,2.74338e-29,1.03062e-22,2.64702e-12,1.59001e-22,1.66058e-05,3.45232e-46,2.97063e-28,6.68154e-43,2.82979e-37,5.64229e-20,2.13301e-38
31,2.03614e-33,2.69295e-29,1.06349e-22,2.73379e-12,-9.71878e-23,1.66058e-05,3.79371e-46,3.26348e-28,7.05796e-43,3.0869e-37,5.95325e-20,2.17941e-38
32,2.00382e-33,2.61822e-29,1.10254e-22,2.82046e-12,-3.76679e-22,1.66058e-05,4.15693e-46,3.57498e-28,7.43917e-43,3.35847e-37,6.26734e-20,2.22459e-38
33,1.97201e-33,2.52273e-29,1.1464e-22,2.90704e-12,-6.73471e-22,1.66058e-05,4.54038e-46,3.90383e-28,7.82575e-43,3.64345e-37,6.58552e-20,2.26852e-38
34,1.94071e-33,2.41015e-29,1.19364e-22,2.99352e-12,-9.8137e-22,1.66058e-05,4.9424e-46,4.24869e-28,8.21828e-43,3.94077e-37,6.90877e-20,2.31116e-38
35,1.90992e-33,2.27988e-29,1.24453e-22,3.07991e-12,-1.30157e-21,1.66058e-05,5.3633e-46,4.60984e-28,8.61647e-43,4.25058e-37,7.23686e-20,2.35256e-38
36,1.87963e-33,2.13132e-29,1.29932e-22,3.16621e-12,-1.63527e-21,1.66058e-05,5.80338e-46,4.98755e-28,9.02001e-43,4.573e-37,7.56958e-20,2.39272e-38
37,1.84982e-33,1.96386e-29,1.35829e-22,3.25242e-12,-1.98366e-21,1.66058e-05,6.26295e-46,5.38209e-28,9.42858e-43,4.90817e-37,7.90671e-20,2.43168e-38
38,1.8205e-33,1.77691e-29,1.4217e-22,3.33853e-12,-2.34793e-21,1.66058e-05,6.74232e-46,5.79373e-28,9.84188e-43,5.25623e-37,8.24801e-20,2.46946e-38
39,1.79164e-33,1.56987e-29,1.48981e-22,3.42455e-12,-2.72929e-21,1.66058e-05,7.24179e-46,6.22275e-28,1.02596e-42,5.61731e-37,8.59328e-20,2.50608e-38
40,1.76326e-33,1.34213e-29,1.56289e-22,3.51047e-12,-3.12893e-21,1.66058e-05,7.76167e-46,6.6694e-28,1.06814e-42,5.99155e-37,8.94229e-20,2.54158e-38
41,1.73532e-33,1.0931e-29,1.6412e-22,3.59631e-12,-3.54804e-21,1.66058e-05,8.30226e-46,7.13396e-28,1.11071e-42,6.37909e-37,9.29482e-20,2.57596e-38
42,1.70784e-33,8.22168e-30,1.72501e-22,3.68205e-12,-3.98782e-21,1.66058e-05,8.86387e-46,7.61671e-28,1.15362e-42,6.78005e-37,9.65065e-20,2.60927e-38
43,1.68079e-33,5.28742e-30,1.81459e-22,3.7677e-12,-4.44946e-21,1.66058e-05,9.4468e-46,8.11791e-28,1.19685e-42,7.19458e-37,1.00096e-19,2.64152e-38
44,1.65418e-33,2.12219e-30,1.91019e-22,3.85325e-12,-4.93417e-21,1.66058e-05,1.00514e-45,8.63783e-28,1.24037e-42,7.6228e-37,1.03713e-19,2.67274e-38
45,1.62799e-33,-1.28002e-30,2.01209e-22,3.93872e-12,-5.44312e-21,1.66058e-05,1.06779e-45,9.17675e-28,1.28415e-42,8.06486e-37,1.07357e-19,2.70295e-38
46,1.60221e-33,-4.92521e-30,2.12054e-22,4.02409e-12,-5.97753e-21,1.66058e-05,1.13266e-45,9.73493e-28,1.32815e-42,8.52089e-37,1.11026e-19,2.73217e-38
47,1.57684e-33,-8.81939e-30,2.23581e-22,4.10937e-12,-6.53858e-21,1.66058e-05,1.19979e-45,1.03127e-27,1.37235e-42,8.99103e-37,1.14716e-19,2.76044e-38
48,1.55186e-33,-1.29686e-29,2.35818e-22,4.19455e-12,-7.12747e-21,1.66058e-05,1.2692e-45,1.09102e-27,1.41671e-42,9.4754e-37,1.18426e-19,2.78777e-38
49,1.52728e-33,-1.73787e-29,2.48789e-22,4.27965e-12,-7.7454e-21,1.66058e-05,1.34093e-45,1.15278e-27,1.4612e-42,9.97415e-37,1.22153e-19,2.8142e-38
50,1.50307e-33,-2.20559e-29,2.62522e-22,4.36465e-12,-8.39356e-21,1.66058e-05,1.41501e-45,1.21657e-27,1.5058e-42,1.04874e-36,1.25896e-19,2.83974e-38
51,1.47924e-33,-2.70061e-29,2.77044e-22,4.44956e-12,-9.07314e-21,1.66058e-05,1.49146e-45,1.28243e-27,1.55047e-42,1.10153e-36,1.29652e-19,2.86442e-38
52,1.45578e-33,-3.22353e-29,2.9238e-22,4.53438e-12,-9.78534e-21,1.66058e-05,1.57032e-45,1.35037e-27,1.59518e-42,1.1558e-36,1.33419e-19,2.88827e-38
53,1.43267e-33,-3.77496e-29,3.08557e-22,4.61911e-12,-1.05314e-20,1.66058e-05,1.65162e-45,1.42043e-27,1.63991e-42,1.21156e-36,1.37194e-19,2.9113e-38
54,1.40991e-33,-4.35548e-29,3.25602e-22,4.70375e-12,-1.13124e-20,1.66058e-05,1.73539e-45,1.49264e-27,1.68461e-42,1.26883e-36,1.40977e-19,2.93355e-38
55,1.38749e-33,-4.96134e-29,3.43394e-22,4.78829e-12,-1.21233e-20,1.66058e-05,1.82158e-45,1.56695e-27,1.72929e-42,1.3274e-36,1.44767e-19,2.95502e-38
56,1.36543e-33,-5.57794e-29,3.61448e-22,4.87275e-12,-1.29436e-20,1.66058e-05,1.90998e-45,1.64321e-27,1.77405e-42,1.38652e-36,1.48579e-19,2.97566e-38
57,1.34373e-33,-6.20306e-29,3.79695e-22,4.95711e-12,-1.37703e-20,1.66058e-05,2.00058e-45,1.72139e-27,1.81888e-42,1.44606e-36,1.52414e-19,2.99548e-38
58,1.32239e-33,-6.83555e-29,3.98104e-22,5.04138e-12,-1.4602e-20,1.66058e-05,2.09337e-45,1.80151e-27,1.86377e-42,1.50596e-36,1.56269e-19,3.0145e-38
59,1.30138e-33,-7.47426e-29,4.16642e-22,5.12556e-12,-1.54376e-20,1.66058e-05,2.18836e-45,1.88356e-27,1.90869e-42,1.56614e-36,1.60146e-19,3.03274e-38
60,1.28072e-33,-8.11807e-29,4.35277e-22,5.20965e-12,-1.62756e-20,1.66058e-05,2.28555e-45,1.96756e-27,1.95363e-42,1.62652e-36,1.64043e-19,3.05021e-38
61,1.26039e-33,-8.76581e-29,4.53976e-22,5.29365e-12,-1.71149e-20,1.66058e-05,2.38493e-45,2.0535e-27,1.99857e-42,1.68704e-36,1.67961e-19,3.06692e-38
62,1.24039e-33,-9.41635e-29,4.72708e-22,5.37756e-12,-1.79539e-20,1.66058e-05,2.48652e-45,2.14138e-27,2.0435e-42,1.74761e-36,1.71898e-19,3.0829e-38
63,1.2207e-33,-1.00686e-28,4.91441e-22,5.46138e-12,-1.87916e-20,1.66058e-05,2.59032e-45,2.23122e-27,2.0884e-42,1.80817e-36,1.75854e-19,3.09816e-38
64,1.20134e-33,-1.07213e-28,5.10141e-22,5.54511e-12,-1.96265e-20,1.66058e-05,2.69632e-45,2.32302e-27,2.13325e-42,1.86863e-36,1.79829e-19,3.11272e-38
65,1.18229e-33,-1.13733e-28,5.28777e-22,5.62874e-12,-2.04573e-20,1.66058e-05,2.80453e-45,2.41678e-27,2.17804e-42,1.92894e-36,1.83822e-19,3.12659e-38
66,1.16354e-33,-1.20237e-28,5.47317e-22,5.71229e-12,-2.12827e-20,1.66058e-05,2.91495e-45,2.5125e-27,2.22274e-42,1.989e-36,1.87833e-19,3.13979e-38
67,1.14509e-33,-1.26711e-28,5.65729e-22,5.79575e-12,-2.21015e-20,1.66058e-05,3.02758e-45,2.61019e-27,2.26735e-42,2.04876e-36,1.91861e-19,3.15234e-38
68,1.12693e-33,-1.33144e-28,5.8398e-22,5.87911e-12,-2.29122e-20,1.66058e-05,3.14243e-45,2.70986e-27,2.31185e-42,2.10813e-36,1.95906e-19,3.16425e-38
69,1.10906e-33,-1.39525e-28,6.02038e-22,5.96239e-12,-2.37137e-20,1.66058e-05,3.2595e-45,2.8115e-27,2.35622e-42,2.16705e-36,1.99966e-19,3.17554e-38
70,1.09148e-33,-1.45843e-28,6.19871e-22,6.04558e-12,-2.45045e-20,1.66058e-05,3.37878e-45,2.91513e-27,2.40044e-42,2.22543e-36,2.04043e-19,3.18623e-38
71,1.07417e-33,-1.52087e-28,6.37446e-22,6.12868e-12,-2.52834e-20,1.66058e-05,3.50028e-45,3.02074e-27,2.4445e-42,2.28321e-36,2.08135e-19,3.19633e-38
72,1.05713e-33,-1.58243e-28,6.54733e-22,6.21168e-12,-2.60491e-20,1.66058e-05,3.62401e-45,3.12833e-27,2.48837e-42,2.34031e-36,2.12242e-19,3.20585e-38
73,1.04036e-33,-1.64303e-28,6.71697e-22,6.2946e-12,-2.68002e-20,1.66058e-05,3.74996e-45,3.23793e-27,2.53206e-42,2.39666e-36,2.16363e-19,3.21483e-38
74,1.02384e-33,-1.70253e-28,6.88308e-22,6.37743e-12,-2.75354e-20,1.66058e-05,3.87813e-45,3.34952e-27,2.57552e-42,2.45218e-36,2.20498e-19,3.22326e-38
75,1.00758e-33,-1.76082e-28,7.04533e-22,6.46017e-12,-2.82535e-20,1.66058e-05,4.00853e-45,3.46311e-27,2.61876e-42,2.5068e-36,2.24646e-19,3.23117e-38
76,9.91572e-34,-1.8178e-28,7.20339e-22,6.54282e-12,-2.89531e-20,1.66058e-05,4.14117e-45,3.5787e-27,2.66175e-42,2.56045e-36,2.28807e-19,3.23857e-38
77,9.76535e-34,-1.82799e-28,7.21361e-22,6.62538e-12,-2.90248e-20,1.66058e-05,4.27059e-45,3.69608e-27,2.70795e-42,2.5864e-36,2.33e-19,3.24321e-38
78,9.60892e-34,-1.88869e-28,7.38357e-22,6.70785e-12,-2.97735e-20,1.66058e-05,4.4085e-45,3.81573e-27,2.74988e-42,2.64182e-36,2.37182e-19,3.24999e-38
79,9.45518e-34,-1.94544e-28,7.5411e-22,6.79023e-12,-3.0469e-20,1.66058e-05,4.54836e-45,3.93739e-27,2.7917e-42,2.6947e-36,2.41377e-19,3.2562e-38
80,9.30406e-34,-1.99809e-28,7.68587e-22,6.87252e-12,-3.11097e-20,1.66058e-05,4.69019e-45,4.06106e-27,2.83338e-42,2.74496e-36,2.45584e-19,3.26185e-38
81,9.15552e-34,-2.04654e-28,7.81751e-22,6.95473e-12,-3.16944e-20,1.66058e-05,4.83398e-45,4.18674e-27,2.8749e-42,2.79251e-36,2.49802e-19,3.26696e-38
82,9.00948e-34,-2.09063e-28,7.93564e-22,7.03684e-12,-3.22213e-20,1.66058e-05,4.97973e-45,4.31445e-27,2.91626e-42,2.83727e-36,2.54031e-19,3.27155e-38
83,8.86591e-34,-2.13025e-28,8.03988e-22,7.11887e-12,-3.26889e-20,1.66058e-05,5.12743e-45,4.44417e-27,2.95744e-42,2.87915e-36,2.58271e-19,3.27562e-38
84,8.72475e-34,-2.16525e-28,8.1298e-22,7.20081e-12,-3.30955e-20,1.66058e-05,5.2771e-45,4.57592e-27,2.99842e-42,2.91807e-36,2.62521e-19,3.27921e-38
85,8.58594e-34,-2.19548e-28,8.20501e-22,7.28266e-12,-3.34394e-20,1.66058e-05,5.42873e-45,4.7097e-27,3.03919e-42,2.95392e-36,2.6678e-19,3.28231e-38
86,8.44944e-34,-2.22079e-28,8.26505e-22,7.36442e-12,-3.37188e-20,1.66058e-05,5.58231e-45,4.84551e-27,3.07973e-42,2.98663e-36,2.71048e-19,3.28495e-38
87,8.3152e-34,-2.24103e-28,8.30948e-22,7.44609e-12,-3.39318e-20,1.66058e-05,5.73784e-45,4.98336e-27,3.12004e-42,3.01609e-36,2.75325e-19,3.28713e-38
88,8.18316e-34,-2.25604e-28,8.33784e-22,7.52768e-12,-3.40766e-20,1.66058e-05,5.89532e-45,5.12325e-27,3.16009e-42,3.04219e-36,2.7961e-19,3.28888e-38
89,8.05328e-34,-2.26566e-28,8.34965e-22,7.60918e-12,-3.41512e-20,1.66058e-05,6.05475e-45,5.26518e-27,3.19988e-42,3.06485e-36,2.83903e-19,3.29021e-38
90,7.9255e-34,-2.26971e-28,8.34441e-22,7.69059e-12,-3.41534e-20,1.66058e-05,6.21612e-45,5.40916e-27,3.23939e-42,3.08394e-36,2.88203e-19,3.29113e-38
91,7.79979e-34,-2.26802e-28,8.32161e-22,7.77191e-12,-3.40813e-20,1.66058e-05,6.37942e-45,5.5552e-27,3.27861e-42,3.09937e-36,2.92509e-19,3.29165e-38
92,7.67609e-34,-2.26042e-28,8.28074e-22,7.85314e-12,-3.39326e-20,1.66058e-05,6.54465e-45,5.70329e-27,3.31753e-42,3.11102e-36,2.96822e-19,3.2918e-38
93,7.55435e-34,-2.24672e-28,8.22126e-22,7.93429e-12,-3.37052e-20,1.66058e-05,6.7118e-45,5.85344e-27,3.35614e-42,3.11878e-36,3.01141e-19,3.29157e-38
94,7.43454e-34,-2.22674e-28,8.14261e-22,8.01535e-12,-3.33967e-20,1.66058e-05,6.88087e-45,6.00566e-27,3.39443e-42,3.12253e-36,3.05466e-19,3.29098e-38
95,7.31661e-34,-2.20029e-28,8.04423e-22,8.09632e-12,-3.30048e-20,1.66058e-05,7.05185e-45,6.15994e-27,3.43238e-42,3.12216e-36,3.09795e-19,3.29006e-38
96,7.2005e-34,-2.16716e-28,7.92554e-22,8.1772e-12,-3.25272e-20,1.66058e-05,7.22473e-45,6.31629e-27,3.46998e-42,3.11754e-36,3.14129e-19,3.2888e-38
97,7.08619e-34,-2.12716e-28,7.78595e-22,8.258e-12,-3.19612e-20,1.66058e-05,7.3995e-45,6.47472e-27,3.50724e-42,3.10854e-36,3.18467e-19,3.28722e-38
98,6.97363e-34,-2.08009e-28,7.62484e-22,8.3387e-12,-3.13045e-20,1.66058e-05,7.57616e-45,6.63522e-27,3.54412e-42,3.09505e-36,3.22808e-19,3.28533e-38
99,6.86278e-34,-2.02573e-28,7.44159e-22,8.41933e-12,-3.05544e-20,1.66058e-05,7.75469e-45,6.79781e-27,3.58064e-42,3.07692e-36,3.27153e-19,3.28314e-38
100,6.75383e-34,-1.55327e-28,5.98116e-22,8.49986e-12,-2.44431e-20,1.66058e-05,7.93429e-45,6.96291e-27,3.617e-42,2.80424e-36,3.31468e-19,3.2806e-38
