time,BLL,IL,AL,A,BL,B,DLL,D,ILL,DL,I,ALL
0,0,0,0,0,0,1.66058e-05,0,0,0,0,0,0
1,3.34169e-32,1.03026e-25,1.28563e-22,8.96712e-13,9.83478e-21,1.66058e-05,1.71783e-44,1.92641e-22,6.8731e-42,2.46535e-26,8.49588e-21,9.93926e-37
2,3.34154e-32,3.06295e-25,2.5522e-22,1.79342e-12,9.70774e-21,1.66058e-05,1.33656e-43,1.64456e-21,1.55104e-41,2.00365e-25,3.24558e-20,1.97091e-36
3,3.34139e-32,5.79275e-25,3.79981e-22,2.69014e-12,9.58235e-21,1.66058e-05,3.67403e-43,4.61866e-21,2.25873e-41,5.56444e-25,7.14201e-20,2.93106e-36
4,3.34123e-32,9.52428e-25,5.0288e-22,3.58685e-12,9.45858e-21,1.66058e-05,6.16954e-43,9.978e-21,4.58352e-41,1.05762e-24,1.2388e-19,3.87472e-36
5,3.34108e-32,1.4472e-24,6.23939e-22,4.48356e-12,9.3364e-21,1.66058e-05,8.10907e-43,1.833e-20,9.77321e-41,1.67906e-24,1.88775e-19,4.80215e-36
6,3.34093e-32,1.96386e-24,7.43177e-22,5.38027e-12,9.21581e-21,1.66058e-05,1.21989e-42,3.01162e-20,1.29576e-40,2.51748e-24,2.65331e-19,5.7136e-36
7,3.34077e-32,2.33338e-24,8.60627e-22,6.27698e-12,9.09677e-21,1.66058e-05,2.30269e-42,4.60854e-20,5.88043e-41,3.73682e-24,3.52241e-19,6.60955e-36
8,3.34062e-32,2.76027e-24,9.76348e-22,7.17369e-12,8.97923e-21,1.66058e-05,2.64441e-42,6.74775e-20,1.3794e-40,5.12424e-24,4.47337e-19,7.4904e-36
9,3.34047e-32,4.03529e-24,1.09055e-21,8.07041e-12,8.86302e-21,1.66058e-05,-3.18104e-42,9.89756e-20,1.33544e-39,5.85756e-24,5.42432e-19,8.3577e-36
10,3.34031e-32,6.23571e-24,1.20326e-21,8.96712e-12,8.74811e-21,1.66058e-05,-1.57038e-41,1.41037e-19,3.74593e-39,5.85646e-24,6.36728e-19,9.21159e-36
11,3.34016e-32,9.36151e-24,1.31448e-21,9.86383e-12,8.6345e-21,1.66058e-05,-3.49239e-41,1.93663e-19,7.3694e-39,5.12094e-24,7.30224e-19,1.00521e-35
12,3.34e-32,1.34127e-23,1.4242e-21,1.07605e-11,8.5222e-21,1.66058e-05,-6.08412e-41,2.56851e-19,1.22059e-38,3.651e-24,8.22919e-19,1.08792e-35
13,3.33985e-32,1.83893e-23,1.53242e-21,1.16573e-11,8.41121e-21,1.66058e-05,-9.34559e-41,3.30604e-19,1.82553e-38,1.44665e-24,9.14815e-19,1.16929e-35
14,3.3397e-32,2.42913e-23,1.63915e-21,1.2554e-11,8.30152e-21,1.66058e-05,-1.32768e-40,4.1492e-19,2.55177e-38,-1.49213e-24,1.00591e-18,1.24931e-35
15,3.33954e-32,3.11186e-23,1.74439e-21,1.34507e-11,8.19313e-21,1.66058e-05,-1.78777e-40,5.098e-19,3.39932e-38,-5.16532e-24,1.09621e-18,1.328e-35
16,3.33939e-32,3.88714e-23,1.84813e-21,1.43474e-11,8.08605e-21,1.66058e-05,-2.31484e-40,6.15243e-19,4.36816e-38,-9.57293e-24,1.1857e-18,1.40535e-35
17,3.33924e-32,4.75496e-23,1.95037e-21,1.52441e-11,7.98027e-21,1.66058e-05,-2.90888e-40,7.3125e-19,5.45829e-38,-1.4715e-23,1.2744e-18,1.48136e-35
18,3.33908e-32,5.71531e-23,2.05113e-21,1.61408e-11,7.8758e-21,1.66058e-05,-3.56989e-40,8.5782e-19,6.66973e-38,-2.05914e-23,1.3623e-18,1.55602e-35
19,3.33893e-32,6.7682e-23,2.15038e-21,1.70375e-11,7.77263e-21,1.66058e-05,-4.29787e-40,9.94954e-19,8.00247e-38,-2.72023e-23,1.44939e-18,1.62935e-35
20,3.33878e-32,7.91364e-23,2.24814e-21,1.79342e-11,7.67076e-21,1.66058e-05,-5.09283e-40,1.14265e-18,9.4565e-38,-3.45476e-23,1.53569e-18,1.70134e-35
21,3.33862e-32,9.15161e-23,2.34441e-21,1.88309e-11,7.5702e-21,1.66058e-05,-5.95476e-40,1.30091e-18,1.10318e-37,-4.26273e-23,1.62118e-18,1.77198e-35
22,3.33847e-32,1.04821e-22,2.43918e-21,1.97277e-11,7.47095e-21,1.66058e-05,-6.88367e-40,1.46974e-18,1.27285e-37,-5.14414e-23,1.70588e-18,1.84129e-35
23,3.33831e-32,1.19052e-22,2.53246e-21,2.06244e-11,7.373e-21,1.66058e-05,-7.87955e-40,1.64913e-18,1.45464e-37,-6.099e-23,1.78978e-18,1.90925e-35
24,3.33816e-32,1.34208e-22,2.62424e-21,2.15211e-11,7.27635e-21,1.66058e-05,-8.9424e-40,1.83908e-18,1.64856e-37,-7.12729e-23,1.87287e-18,1.97588e-35
25,3.33801e-32,1.50289e-22,2.71453e-21,2.24178e-11,7.18101e-21,1.66058e-05,-1.00722e-39,2.03959e-18,1.85462e-37,-8.22903e-23,1.95517e-18,2.04116e-35
26,3.33785e-32,1.67296e-22,2.80332e-21,2.33145e-11,7.08697e-21,1.66058e-05,-1.1269e-39,2.25067e-18,2.0728e-37,-9.40421e-23,2.03667e-18,2.10511e-35
27,3.3377e-32,1.85228e-22,2.89062e-21,2.42112e-11,6.99423e-21,1.66058e-05,-1.25328e-39,2.47231e-18,2.30311e-37,-1.06528e-22,2.11736e-18,2.16771e-35
28,3.33755e-32,2.04085e-22,2.97642e-21,2.51079e-11,6.9028e-21,1.66058e-05,-1.38635e-39,2.70452e-18,2.54555e-37,-1.19749e-22,2.19726e-18,2.22898e-35
29,3.33739e-32,2.23868e-22,3.06073e-21,2.60046e-11,6.81268e-21,1.66058e-05,-1.52612e-39,2.94729e-18,2.80012e-37,-1.33704e-22,2.27636e-18,2.2889e-35
30,3.33724e-32,2.43816e-22,3.14355e-21,2.69013e-11,6.72385e-21,1.66058e-05,-1.66301e-39,3.20017e-18,3.04967e-37,-1.47635e-22,2.35544e-18,2.34766e-35
31,3.33709e-32,2.48378e-22,3.22515e-21,2.7798e-11,6.6361e-21,1.66058e-05,-1.60108e-39,3.45394e-18,2.94344e-37,-1.46042e-22,2.45065e-18,2.40872e-35
32,3.33693e-32,2.3141e-22,3.30561e-21,2.86948e-11,6.54935e-21,1.66058e-05,-1.26291e-39,3.70494e-18,2.34284e-37,-1.22799e-22,2.56836e-18,2.47346e-35
33,3.33678e-32,1.92913e-22,3.38493e-21,2.95915e-11,6.46359e-21,1.66057e-05,-6.48503e-40,3.95317e-18,1.24788e-37,-7.79073e-23,2.70857e-18,2.54188e-35
34,3.33663e-32,1.32885e-22,3.46312e-21,3.04882e-11,6.37884e-21,1.66057e-05,2.42138e-40,4.19864e-18,-3.41453e-38,-1.13659e-23,2.87127e-18,2.61398e-35
35,3.33647e-32,5.13285e-23,3.54018e-21,3.13849e-11,6.29508e-21,1.66057e-05,1.40901e-39,4.44134e-18,-2.42515e-37,7.68248e-23,3.05647e-18,2.68977e-35
36,3.33632e-32,-5.17582e-23,3.6161e-21,3.22816e-11,6.21231e-21,1.66057e-05,2.85213e-39,4.68128e-18,-5.00321e-37,1.86665e-22,3.26417e-18,2.76923e-35
37,3.33617e-32,-1.76375e-22,3.69089e-21,3.31783e-11,6.13055e-21,1.66057e-05,4.57147e-39,4.91846e-18,-8.07564e-37,3.18154e-22,3.49437e-18,2.85237e-35
38,3.33601e-32,-3.22521e-22,3.76454e-21,3.4075e-11,6.04978e-21,1.66057e-05,6.56706e-39,5.15287e-18,-1.16424e-36,4.71293e-22,3.74706e-18,2.9392e-35
39,3.33586e-32,-4.90197e-22,3.83706e-21,3.49717e-11,5.97001e-21,1.66057e-05,8.83888e-39,5.38452e-18,-1.57036e-36,6.46081e-22,4.02226e-18,3.02971e-35
40,3.33571e-32,-6.79403e-22,3.90844e-21,3.58684e-11,5.89123e-21,1.66057e-05,1.13869e-38,5.6134e-18,-2.02591e-36,8.42519e-22,4.31995e-18,3.12389e-35
41,3.33555e-32,-8.90138e-22,3.97869e-21,3.67651e-11,5.81346e-21,1.66057e-05,1.42112e-38,5.83951e-18,-2.5309e-36,1.06061e-21,4.64014e-18,3.22176e-35
42,3.3354e-32,-1.1224e-21,4.04781e-21,3.76619e-11,5.73668e-21,1.66057e-05,1.73117e-38,6.06286e-18,-3.08533e-36,1.30034e-21,4.98283e-18,3.32331e-35
43,3.33525e-32,-1.3762e-21,4.11579e-21,3.85586e-11,5.6609e-21,1.66057e-05,2.06885e-38,6.28345e-18,-3.68919e-36,1.56173e-21,5.34802e-18,3.42854e-35
44,3.33509e-32,-1.65152e-21,4.18264e-21,3.94553e-11,5.58611e-21,1.66057e-05,2.43415e-38,6.50127e-18,-4.34249e-36,1.84476e-21,5.7357e-18,3.53745e-35
45,3.33494e-32,-1.94838e-21,4.24836e-21,4.0352e-11,5.51232e-21,1.66057e-05,2.82707e-38,6.71633e-18,-5.04523e-36,2.14945e-21,6.14588e-18,3.65004e-35
46,3.33479e-32,-2.26676e-21,4.31294e-21,4.12487e-11,5.43953e-21,1.66057e-05,3.24762e-38,6.92862e-18,-5.7974e-36,2.47578e-21,6.57857e-18,3.76631e-35
47,3.33463e-32,-2.60668e-21,4.37638e-21,4.21454e-11,5.36774e-21,1.66057e-05,3.69579e-38,7.13814e-18,-6.59901e-36,2.82376e-21,7.03375e-18,3.88626e-35
48,3.33448e-32,-2.96812e-21,4.43869e-21,4.30421e-11,5.29694e-21,1.66057e-05,4.17159e-38,7.34491e-18,-7.45005e-36,3.19339e-21,7.51142e-18,4.0099e-35
49,3.33433e-32,-3.35109e-21,4.49987e-21,4.39388e-11,5.22715e-21,1.66057e-05,4.675e-38,7.5489e-18,-8.35054e-36,3.58468e-21,8.0116e-18,4.13721e-35
50,3.33417e-32,-3.7556e-21,4.55991e-21,4.48355e-11,5.15835e-21,1.66057e-05,5.20604e-38,7.75014e-18,-9.30046e-36,3.99761e-21,8.53427e-18,4.2682e-35
51,3.33402e-32,-4.18163e-21,4.61882e-21,4.57322e-11,5.09054e-21,1.66057e-05,5.76471e-38,7.9486e-18,-1.02998e-35,4.43219e-21,9.07944e-18,4.40288e-35
52,3.33387e-32,-4.62919e-21,4.6766e-21,4.66289e-11,5.02373e-21,1.66057e-05,6.351e-38,8.14431e-18,-1.13486e-35,4.88842e-21,9.64711e-18,4.54123e-35
53,3.33371e-32,-4.89673e-21,4.73335e-21,4.75257e-11,4.95783e-21,1.66057e-05,6.50916e-38,8.36048e-18,-1.1631e-35,5.16489e-21,1.01967e-17,4.6081e-35
54,3.33356e-32,-4.69018e-21,4.78924e-21,4.84224e-11,4.89269e-21,1.66057e-05,5.57426e-38,8.63102e-18,-9.95686e-36,4.96774e-21,1.06688e-17,4.49378e-35
55,3.33341e-32,-4.00701e-21,4.84428e-21,4.93191e-11,4.8283e-21,1.66057e-05,3.54062e-38,8.95622e-18,-6.31589e-36,4.29447e-21,1.10631e-17,4.19734e-35
56,3.33325e-32,-2.84725e-21,4.89845e-21,5.02158e-11,4.76468e-21,1.66057e-05,4.08224e-39,9.33609e-18,-7.08133e-37,3.14506e-21,1.13796e-17,3.71879e-35
57,3.3331e-32,-1.21087e-21,4.95177e-21,5.11125e-11,4.70182e-21,1.66057e-05,-3.82292e-38,9.77061e-18,6.86641e-36,1.51953e-21,1.16181e-17,3.05812e-35
58,3.33295e-32,9.02113e-22,5.00423e-21,5.20092e-11,4.63972e-21,1.66057e-05,-9.1528e-38,1.02598e-17,1.64077e-35,-5.82128e-22,1.17788e-17,2.21533e-35
59,3.33279e-32,3.4917e-21,5.05583e-21,5.29059e-11,4.57838e-21,1.66057e-05,-1.55814e-37,1.08036e-17,2.79159e-35,-3.15992e-21,1.18615e-17,1.19043e-35
60,3.33264e-32,6.5579e-21,5.10657e-21,5.38026e-11,4.5178e-21,1.66057e-05,-2.31088e-37,1.14021e-17,4.13908e-35,-6.21383e-21,1.18664e-17,-1.65863e-37
61,3.33249e-32,1.01007e-20,5.15646e-21,5.46993e-11,4.45798e-21,1.66057e-05,-3.17349e-37,1.20553e-17,5.68324e-35,-9.74387e-21,1.17934e-17,-1.40572e-35
62,3.33233e-32,1.41201e-20,5.20548e-21,5.5596e-11,4.39892e-21,1.66057e-05,-4.14598e-37,1.27631e-17,7.42409e-35,-1.375e-20,1.16426e-17,-2.97697e-35
63,3.33218e-32,1.86161e-20,5.25365e-21,5.64927e-11,4.34062e-21,1.66057e-05,-5.22834e-37,1.35256e-17,9.36162e-35,-1.82323e-20,1.14138e-17,-4.73034e-35
64,3.33203e-32,2.35888e-20,5.30096e-21,5.73894e-11,4.28308e-21,1.66057e-05,-6.42058e-37,1.43427e-17,1.14958e-34,-2.31908e-20,1.11072e-17,-6.66582e-35
65,3.33187e-32,2.9038e-20,5.34741e-21,5.82862e-11,4.2263e-21,1.66057e-05,-7.72269e-37,1.52145e-17,1.38267e-34,-2.86253e-20,1.07227e-17,-8.78342e-35
66,3.33172e-32,3.49638e-20,5.393e-21,5.91829e-11,4.17029e-21,1.66057e-05,-9.13468e-37,1.6141e-17,1.63543e-34,-3.4536e-20,1.02603e-17,-1.10831e-34
67,3.33157e-32,4.13663e-20,5.43773e-21,6.00796e-11,4.11503e-21,1.66057e-05,-1.06565e-36,1.71221e-17,1.90785e-34,-4.09228e-20,9.72005e-18,-1.3565e-34
68,3.33141e-32,4.82453e-20,5.48161e-21,6.09763e-11,4.06054e-21,1.66057e-05,-1.22883e-36,1.81579e-17,2.19994e-34,-4.77858e-20,9.1019e-18,-1.62289e-34
69,3.33126e-32,5.5601e-20,5.52463e-21,6.1873e-11,4.0068e-21,1.66057e-05,-1.40299e-36,1.92483e-17,2.5117e-34,-5.51248e-20,8.40587e-18,-1.9075e-34
70,3.33111e-32,6.34332e-20,5.56679e-21,6.27697e-11,3.95383e-21,1.66057e-05,-1.58814e-36,2.03934e-17,2.84313e-34,-6.294e-20,7.63196e-18,-2.21032e-34
71,3.33095e-32,7.17421e-20,5.60809e-21,6.36664e-11,3.90161e-21,1.66057e-05,-1.78427e-36,2.15932e-17,3.19423e-34,-7.12314e-20,6.78017e-18,-2.53135e-34
72,3.3308e-32,8.05276e-20,5.64853e-21,6.45631e-11,3.85016e-21,1.66057e-05,-1.9914e-36,2.28476e-17,3.56499e-34,-7.99988e-20,5.8505e-18,-2.87059e-34
73,3.33065e-32,8.97897e-20,5.68811e-21,6.54598e-11,3.79946e-21,1.66057e-05,-2.20951e-36,2.41567e-17,3.95542e-34,-8.92424e-20,4.84295e-18,-3.22804e-34
74,3.33049e-32,9.95284e-20,5.72684e-21,6.63565e-11,3.74953e-21,1.66057e-05,-2.43861e-36,2.55204e-17,4.36552e-34,-9.89621e-20,3.75752e-18,-3.60371e-34
75,3.33034e-32,1.05021e-19,5.76493e-21,6.72532e-11,3.70018e-21,1.66057e-05,-2.48467e-36,2.68584e-17,4.44798e-34,-1.04439e-19,2.73474e-18,-3.67705e-34
76,3.33019e-32,8.1926e-20,5.80355e-21,6.81499e-11,3.6505e-21,1.66057e-05,-1.34753e-36,2.77563e-17,2.41249e-34,-8.13515e-20,2.49899e-18,-1.79578e-34
77,3.33003e-32,2.67848e-20,5.84285e-21,6.90467e-11,3.60035e-21,1.66057e-05,1.11485e-36,2.81552e-17,-1.99522e-34,-2.62435e-20,3.15317e-18,2.27477e-34
78,3.32988e-32,-6.04023e-20,5.88284e-21,6.99434e-11,3.54975e-21,1.66057e-05,4.90249e-36,2.80551e-17,-8.77516e-34,6.08844e-20,4.69728e-18,8.53462e-34
79,3.32973e-32,-1.79635e-19,5.92353e-21,7.08401e-11,3.49868e-21,1.66057e-05,1.00154e-35,2.7456e-17,-1.79273e-33,1.80032e-19,7.13131e-18,1.69838e-33
80,3.32957e-32,-3.30914e-19,5.9649e-21,7.17368e-11,3.44714e-21,1.66057e-05,1.64535e-35,2.63579e-17,-2.94517e-33,3.312e-19,1.04553e-17,2.76222e-33
81,3.32942e-32,-5.14238e-19,6.00695e-21,7.26335e-11,3.39515e-21,1.66057e-05,2.42169e-35,2.47608e-17,-4.33483e-33,5.14388e-19,1.46692e-17,4.04499e-33
82,3.32926e-32,-7.29609e-19,6.0497e-21,7.35302e-11,3.34269e-21,1.66057e-05,3.33055e-35,2.26648e-17,-5.96172e-33,7.29596e-19,1.9773e-17,5.54669e-33
83,3.32911e-32,-9.77025e-19,6.09314e-21,7.44269e-11,3.28977e-21,1.66057e-05,4.37194e-35,2.00697e-17,-7.82583e-33,9.76824e-19,2.57667e-17,7.26732e-33
84,3.32895e-32,-1.25649e-18,6.13726e-21,7.53236e-11,3.23639e-21,1.66057e-05,5.54586e-35,1.69756e-17,-9.92716e-33,1.25607e-18,3.26504e-17,9.20688e-33
85,3.3288e-32,-1.56799e-18,6.18207e-21,7.62203e-11,3.18255e-21,1.66057e-05,6.8523e-35,1.33826e-17,-1.22657e-32,1.56734e-18,4.0424e-17,1.13654e-32
86,3.32865e-32,-1.91155e-18,6.22758e-21,7.7117e-11,3.12824e-21,1.66057e-05,8.29126e-35,9.29057e-18,-1.48415e-32,1.91063e-18,4.90875e-17,1.37428e-32
87,3.32849e-32,-2.28715e-18,6.27377e-21,7.80137e-11,3.07347e-21,1.66057e-05,9.86275e-35,4.69954e-18,-1.76545e-32,2.28593e-18,5.86409e-17,1.63391e-32
88,3.32833e-32,-2.69479e-18,6.32065e-21,7.89104e-11,3.01824e-21,1.66057e-05,1.15668e-34,-3.90469e-19,-2.07047e-32,2.69326e-18,6.90843e-17,1.91544e-32
89,3.32818e-32,-3.13448e-18,6.36821e-21,7.98071e-11,2.96254e-21,1.66057e-05,1.34033e-34,-5.97947e-18,-2.39921e-32,3.13261e-18,8.04176e-17,2.21886e-32
90,3.32802e-32,-3.60622e-18,6.41647e-21,8.07038e-11,2.90639e-21,1.66057e-05,1.53724e-34,-1.20675e-17,-2.75168e-32,3.60398e-18,9.26408e-17,2.54417e-32
91,3.32787e-32,-4.11e-18,6.46541e-21,8.16005e-11,2.84977e-21,1.66057e-05,1.7474e-34,-1.86545e-17,-3.12787e-32,4.10737e-18,1.05754e-16,2.89138e-32
92,3.32771e-32,-4.64583e-18,6.51504e-21,8.24972e-11,2.79269e-21,1.66057e-05,1.97081e-34,-2.57404e-17,-3.52778e-32,4.64277e-18,1.19757e-16,3.26048e-32
93,3.32756e-32,-5.21371e-18,6.56537e-21,8.33939e-11,2.73514e-21,1.66057e-05,2.20747e-34,-3.33254e-17,-3.95141e-32,5.2102e-18,1.3465e-16,3.65147e-32
94,3.3274e-32,-5.81363e-18,6.61638e-21,8.42906e-11,2.67713e-21,1.66057e-05,2.45739e-34,-4.14094e-17,-4.39877e-32,5.80965e-18,1.50433e-16,4.06436e-32
95,3.32724e-32,-6.44559e-18,6.66807e-21,8.51873e-11,2.61866e-21,1.66057e-05,2.72056e-34,-4.99923e-17,-4.86985e-32,6.44112e-18,1.67106e-16,4.49913e-32
96,3.32709e-32,-7.1096e-18,6.72046e-21,8.6084e-11,2.55973e-21,1.66057e-05,2.99698e-34,-5.90742e-17,-5.36465e-32,7.1046e-18,1.84669e-16,4.9558e-32
97,3.32693e-32,-7.80566e-18,6.77354e-21,8.69807e-11,2.50034e-21,1.66057e-05,3.28665e-34,-6.86552e-17,-5.88317e-32,7.80011e-18,2.03121e-16,5.43437e-32
98,3.32677e-32,-8.53377e-18,6.8273e-21,8.78774e-11,2.44048e-21,1.66057e-05,3.58958e-34,-7.87351e-17,-6.42542e-32,8.52764e-18,2.22464e-16,5.93482e-32
99,3.32662e-32,-9.29391e-18,6.88175e-21,8.87741e-11,2.38016e-21,1.66057e-05,3.90576e-34,-8.9314e-17,-6.99138e-32,9.28719e-18,2.42697e-16,6.45717e-32
100,3.32646e-32,-1.00861e-17,6.9369e-21,8.96708e-11,2.31938e-21,1.66057e-05,4.23519e-34,-1.00392e-16,-7.58107e-32,1.00788e-17,2.63819e-16,7.00142e-32
